{
 "cells": [
  {
   "cell_type": "code",
   "execution_count": 26,
   "metadata": {},
   "outputs": [],
   "source": [
    "import numpy as np\n",
    "from numpy.random import rand\n",
    "import matplotlib.pyplot as plt\n",
    "from sklearn.preprocessing import OneHotEncoder"
   ]
  },
  {
   "cell_type": "code",
   "execution_count": 27,
   "metadata": {},
   "outputs": [],
   "source": [
    "#dataset\n",
    "x = np.array(([0.9,0.8],[0.6,0.3],[0.9,0.1],[0.9,0.8], [0.2, 0.35], [0.4, 0.39]))  #Features\n",
    "y = np.array((['Netural'],['Positive'],['Positive'],['Netural'], ['Negative'], ['Negative']))  #Labels (0,1)"
   ]
  },
  {
   "cell_type": "code",
   "execution_count": 28,
   "metadata": {},
   "outputs": [],
   "source": [
    "#Encode categorical features as a one-hot numeric array.\n",
    "enc = OneHotEncoder(categories='auto')\n",
    "y = enc.fit_transform(y.reshape(-1, 1)).toarray()\n"
   ]
  },
  {
   "cell_type": "code",
   "execution_count": 29,
   "metadata": {},
   "outputs": [
    {
     "data": {
      "text/plain": [
       "[array(['Negative', 'Netural', 'Positive'], dtype='<U8')]"
      ]
     },
     "execution_count": 29,
     "metadata": {},
     "output_type": "execute_result"
    }
   ],
   "source": [
    "enc.categories_"
   ]
  },
  {
   "cell_type": "code",
   "execution_count": 30,
   "metadata": {},
   "outputs": [
    {
     "data": {
      "text/plain": [
       "array([[0., 1., 0.],\n",
       "       [0., 0., 1.],\n",
       "       [0., 0., 1.],\n",
       "       [0., 1., 0.],\n",
       "       [1., 0., 0.],\n",
       "       [1., 0., 0.]])"
      ]
     },
     "execution_count": 30,
     "metadata": {},
     "output_type": "execute_result"
    }
   ],
   "source": [
    "y"
   ]
  },
  {
   "cell_type": "code",
   "execution_count": 33,
   "metadata": {},
   "outputs": [],
   "source": [
    "# Activation function\n",
    "def sigmoid(Z):\n",
    "    return 1/(1+np.exp(-Z))\n",
    "\n",
    "# Activation function\n",
    "def softmax(Z):\n",
    "    return np.exp(Z) / np.sum(np.exp(Z), axis=1, keepdims=True)\n",
    "\n",
    "#Multi-layers feedforward neural network (2 hidden layers)\n",
    "class NeuralNetwork:\n",
    "    def __init__(self, x, y, nodes_in_layer1 = 4, nodes_in_layer2 = 3, nodes_in_layer3 = 3, l_rate = 1):\n",
    "        #define x, y\n",
    "        self.inputs_in_layer0 = x  #layer 0\n",
    "        self.y = y\n",
    "        \n",
    "        self.l_rate = l_rate  #learning rate\n",
    "        \n",
    "        #define and set the number of neurons in each layers\n",
    "        self.nodes_in_layer1 = nodes_in_layer1\n",
    "        self.nodes_in_layer2 = nodes_in_layer2\n",
    "        self.nodes_in_layer3 = nodes_in_layer3\n",
    "        \n",
    "        #intialize the wieghts (theta) metrices\n",
    "        self.thetas_layer0 = np.random.rand(self.inputs_in_layer0.shape[1] + 1,self.nodes_in_layer1)  #shape: [2+1, 4]\n",
    "        self.thetas_layer1 = np.random.rand(self.nodes_in_layer1 + 1,self.nodes_in_layer2)  #shape: [4+1, 3]\n",
    "        self.thetas_layer2 = np.random.rand(self.nodes_in_layer2+1, nodes_in_layer3)  # shape: [3+1, 3]\n",
    "\n",
    "    def feedforward(self):      \n",
    "        #compute all the nodes (a1, a2, a3, a4) in layer1\n",
    "        n = self.inputs_in_layer0.shape[0]\n",
    "\n",
    "        self.Z1 = self.thetas_layer0[0] + np.dot(self.inputs_in_layer0, self.thetas_layer0[1:])\n",
    "        self.layer1 = sigmoid(self.Z1)  #values of a1, a2, a3, a4 in layer 1\n",
    "        \n",
    "        #compute all the nodes (a1, a2, a3) in layer2\n",
    "        self.Z2 = self.thetas_layer1[0] + np.dot(self.layer1, self.thetas_layer1[1:])\n",
    "        self.layer2 = sigmoid(self.Z2)  #values of a1, a2, a3 in layer 2\n",
    "        \n",
    "        #compute all the nodes (a1, a2, a3) in layer3\n",
    "        self.Z3 = self.thetas_layer2[0] + np.dot(self.layer2, self.thetas_layer2[1:])\n",
    "        self.layer3 = softmax(self.Z3)  #output layer      \n",
    "        \n",
    "        return self.layer3\n",
    "    \n",
    "    def cost_func(self):\n",
    "        \n",
    "        self.n = self.inputs_in_layer0.shape[0] #number of training examples\n",
    "        self.cost = (1/self.n) * np.sum(-self.y * np.log(self.layer3)) #cross entropy\n",
    "        return self.cost \n",
    "\n",
    "    \n",
    "    def backprop(self):\n",
    "        \n",
    "        self.dE_dZ3 = (1/self.n) * (self.layer3 - self.y)\n",
    "\n",
    "        self.dE_dtheta2 = np.dot(self.layer2.T, self.dE_dZ3)\n",
    "        self.dE_dbias2 = np.dot(np.ones(self.n), self.dE_dZ3)\n",
    "        \n",
    "        #dervative of E with respect to theta and bias in layer1\n",
    "        self.dE_dlayer2 = np.dot(self.dE_dZ3, self.thetas_layer2[1:].T)\n",
    "        self.dE_dZ2 = np.multiply(self.dE_dlayer2, sigmoid(self.Z2)* (1-sigmoid(self.Z2)))\n",
    "        self.dE_dtheta1 = np.dot(self.layer1.T, self.dE_dZ2)\n",
    "        self.dE_dbias1 = np.dot(np.ones(self.n), self.dE_dZ2)\n",
    "        \n",
    "        #dervative of E with respect to theta and bias in layer0\n",
    "        self.dE_dlayer1 = np.dot(self.dE_dZ2, self.thetas_layer1[1:].T)\n",
    "        self.dE_dZ1 = np.multiply(self.dE_dlayer1, sigmoid(self.Z1)* (1-sigmoid(self.Z1)))\n",
    "        self.dE_dtheta0 = np.dot(self.inputs_in_layer0.T, self.dE_dZ1)\n",
    "        self.dE_dbias0 = np.dot(np.ones(self.n), self.dE_dZ1)\n",
    "        \n",
    "        #updating theta using gradient descent in layers 2, 1, and 0\n",
    "        self.thetas_layer2[1:] = self.thetas_layer2[1:] - self.l_rate * self.dE_dtheta2\n",
    "        self.thetas_layer1[1:] = self.thetas_layer1[1:] - self.l_rate * self.dE_dtheta1\n",
    "        self.thetas_layer0[1:] = self.thetas_layer0[1:] - self.l_rate * self.dE_dtheta0\n",
    "        \n",
    "        #updating bias using gradient descent in layers 2, 1, and 0\n",
    "        self.thetas_layer2[0] = self.thetas_layer2[0] - self.l_rate * self.dE_dbias2\n",
    "        self.thetas_layer1[0] = self.thetas_layer1[0] - self.l_rate * self.dE_dbias1\n",
    "        self.thetas_layer0[0] = self.thetas_layer0[0] - self.l_rate * self.dE_dbias0\n",
    "        \n",
    "        \n",
    "        return self"
   ]
  },
  {
   "cell_type": "code",
   "execution_count": 34,
   "metadata": {},
   "outputs": [
    {
     "name": "stdout",
     "output_type": "stream",
     "text": [
      "iteration #  1\n",
      "Actual Output: \n",
      " [[0. 1. 0.]\n",
      " [0. 0. 1.]\n",
      " [0. 0. 1.]\n",
      " [0. 1. 0.]\n",
      " [1. 0. 0.]\n",
      " [1. 0. 0.]]\n",
      "Predicted Output: \n",
      " [[0.40769601 0.11493697 0.47736702]\n",
      " [0.4044248  0.11659697 0.47897823]\n",
      " [0.40500902 0.11623062 0.47876037]\n",
      " [0.40769601 0.11493697 0.47736702]\n",
      " [0.4023584  0.11771274 0.47992886]\n",
      " [0.4037762  0.11696964 0.47925416]] \n",
      "\n",
      "Cost: \n",
      " 1.269450765751729 \n",
      "\n",
      "iteration #  2\n",
      "Actual Output: \n",
      " [[0. 1. 0.]\n",
      " [0. 0. 1.]\n",
      " [0. 0. 1.]\n",
      " [0. 1. 0.]\n",
      " [1. 0. 0.]\n",
      " [1. 0. 0.]]\n",
      "Predicted Output: \n",
      " [[0.37481942 0.27684262 0.34833797]\n",
      " [0.37198598 0.27721249 0.35080152]\n",
      " [0.37249944 0.27711066 0.3503899 ]\n",
      " [0.37481942 0.27684262 0.34833797]\n",
      " [0.37019381 0.27747514 0.35233105]\n",
      " [0.37142045 0.27730708 0.35127247]] \n",
      "\n",
      "Cost: \n",
      " 1.1081674705410922 \n",
      "\n",
      "iteration #  3\n",
      "Actual Output: \n",
      " [[0. 1. 0.]\n",
      " [0. 0. 1.]\n",
      " [0. 0. 1.]\n",
      " [0. 1. 0.]\n",
      " [1. 0. 0.]\n",
      " [1. 0. 0.]]\n",
      "Predicted Output: \n",
      " [[0.32940476 0.33875267 0.33184257]\n",
      " [0.32746876 0.33817031 0.33436092]\n",
      " [0.32780114 0.33826324 0.33393562]\n",
      " [0.32940476 0.33875267 0.33184257]\n",
      " [0.3262573  0.33781421 0.33592849]\n",
      " [0.32709308 0.3380618  0.33484512]] \n",
      "\n",
      "Cost: \n",
      " 1.0991484681658785 \n",
      "\n",
      "iteration #  4\n",
      "Actual Output: \n",
      " [[0. 1. 0.]\n",
      " [0. 0. 1.]\n",
      " [0. 0. 1.]\n",
      " [0. 1. 0.]\n",
      " [1. 0. 0.]\n",
      " [1. 0. 0.]]\n",
      "Predicted Output: \n",
      " [[0.33189495 0.33733245 0.33077261]\n",
      " [0.32993842 0.33675353 0.33330806]\n",
      " [0.33027239 0.33684556 0.33288205]\n",
      " [0.33189495 0.33733245 0.33077261]\n",
      " [0.32871656 0.33640013 0.33488331]\n",
      " [0.32956005 0.33664592 0.33379403]] \n",
      "\n",
      "Cost: \n",
      " 1.0990973272978906 \n",
      "\n",
      "iteration #  5\n",
      "Actual Output: \n",
      " [[0. 1. 0.]\n",
      " [0. 0. 1.]\n",
      " [0. 0. 1.]\n",
      " [0. 1. 0.]\n",
      " [1. 0. 0.]\n",
      " [1. 0. 0.]]\n",
      "Predicted Output: \n",
      " [[0.3317278  0.3374476  0.3308246 ]\n",
      " [0.3297959  0.33684089 0.33336322]\n",
      " [0.33012235 0.33693809 0.33293956]\n",
      " [0.3317278  0.3374476  0.3308246 ]\n",
      " [0.32859289 0.33647029 0.33493683]\n",
      " [0.32942441 0.33672773 0.33384786]] \n",
      "\n",
      "Cost: \n",
      " 1.0990585155394559 \n",
      "\n",
      "iteration #  6\n",
      "Actual Output: \n",
      " [[0. 1. 0.]\n",
      " [0. 0. 1.]\n",
      " [0. 0. 1.]\n",
      " [0. 1. 0.]\n",
      " [1. 0. 0.]\n",
      " [1. 0. 0.]]\n",
      "Predicted Output: \n",
      " [[0.33172385 0.33746006 0.3308161 ]\n",
      " [0.3298137  0.33682755 0.33335875]\n",
      " [0.33013325 0.33692948 0.33293727]\n",
      " [0.33172385 0.33746006 0.3308161 ]\n",
      " [0.32862762 0.33644109 0.33493129]\n",
      " [0.32944845 0.33670929 0.33384225]] \n",
      "\n",
      "Cost: \n",
      " 1.0990198119000438 \n",
      "\n",
      "iteration #  7\n",
      "Actual Output: \n",
      " [[0. 1. 0.]\n",
      " [0. 0. 1.]\n",
      " [0. 0. 1.]\n",
      " [0. 1. 0.]\n",
      " [1. 0. 0.]\n",
      " [1. 0. 0.]]\n",
      "Predicted Output: \n",
      " [[0.33170954 0.33747969 0.33081077]\n",
      " [0.32982126 0.33682122 0.33335752]\n",
      " [0.33013393 0.33692786 0.33293821]\n",
      " [0.33170954 0.33747969 0.33081077]\n",
      " [0.32865212 0.33641886 0.33492902]\n",
      " [0.32946224 0.33669787 0.33383989]] \n",
      "\n",
      "Cost: \n",
      " 1.0989811654819048 \n",
      "\n",
      "iteration #  8\n",
      "Actual Output: \n",
      " [[0. 1. 0.]\n",
      " [0. 0. 1.]\n",
      " [0. 0. 1.]\n",
      " [0. 1. 0.]\n",
      " [1. 0. 0.]\n",
      " [1. 0. 0.]]\n",
      "Predicted Output: \n",
      " [[0.33169586 0.33749894 0.3308052 ]\n",
      " [0.32982936 0.3368145  0.33335615]\n",
      " [0.33013521 0.3369258  0.33293899]\n",
      " [0.33169586 0.33749894 0.3308052 ]\n",
      " [0.32867706 0.33639628 0.33492666]\n",
      " [0.32947653 0.33668608 0.33383739]] \n",
      "\n",
      "Cost: \n",
      " 1.0989425713731171 \n",
      "\n",
      "iteration #  9\n",
      "Actual Output: \n",
      " [[0. 1. 0.]\n",
      " [0. 0. 1.]\n",
      " [0. 0. 1.]\n",
      " [0. 1. 0.]\n",
      " [1. 0. 0.]\n",
      " [1. 0. 0.]]\n",
      "Predicted Output: \n",
      " [[0.3316821  0.33751835 0.33079954]\n",
      " [0.32983732 0.33680789 0.33335479]\n",
      " [0.33013642 0.33692381 0.33293977]\n",
      " [0.3316821  0.33751835 0.33079954]\n",
      " [0.32870177 0.33637386 0.33492436]\n",
      " [0.32949064 0.33667443 0.33383493]] \n",
      "\n",
      "Cost: \n",
      " 1.098904024865665 \n",
      "\n",
      "iteration #  10\n",
      "Actual Output: \n",
      " [[0. 1. 0.]\n",
      " [0. 0. 1.]\n",
      " [0. 0. 1.]\n",
      " [0. 1. 0.]\n",
      " [1. 0. 0.]\n",
      " [1. 0. 0.]]\n",
      "Predicted Output: \n",
      " [[0.33166832 0.33753788 0.3307938 ]\n",
      " [0.32984519 0.33680137 0.33335344]\n",
      " [0.33013758 0.33692186 0.33294056]\n",
      " [0.33166832 0.33753788 0.3307938 ]\n",
      " [0.3287263  0.33635157 0.33492214]\n",
      " [0.32950461 0.33666289 0.3338325 ]] \n",
      "\n",
      "Cost: \n",
      " 1.0988655212671588 \n",
      "\n",
      "iteration #  11\n",
      "Actual Output: \n",
      " [[0. 1. 0.]\n",
      " [0. 0. 1.]\n",
      " [0. 0. 1.]\n",
      " [0. 1. 0.]\n",
      " [1. 0. 0.]\n",
      " [1. 0. 0.]]\n",
      "Predicted Output: \n",
      " [[0.3316545  0.33755753 0.33078797]\n",
      " [0.32985297 0.33679493 0.3333521 ]\n",
      " [0.3301387  0.33691996 0.33294134]\n",
      " [0.3316545  0.33755753 0.33078797]\n",
      " [0.32875063 0.33632939 0.33491998]\n",
      " [0.32951845 0.33665146 0.33383009]] \n",
      "\n",
      "Cost: \n",
      " 1.0988270558987572 \n",
      "\n",
      "iteration #  12\n",
      "Actual Output: \n",
      " [[0. 1. 0.]\n",
      " [0. 0. 1.]\n",
      " [0. 0. 1.]\n",
      " [0. 1. 0.]\n",
      " [1. 0. 0.]\n",
      " [1. 0. 0.]]\n",
      "Predicted Output: \n",
      " [[0.33164065 0.3375773  0.33078205]\n",
      " [0.32986065 0.33678857 0.33335077]\n",
      " [0.33013978 0.33691809 0.33294213]\n",
      " [0.33164065 0.3375773  0.33078205]\n",
      " [0.32877478 0.33630733 0.33491788]\n",
      " [0.32953215 0.33664014 0.33382771]] \n",
      "\n",
      "Cost: \n",
      " 1.0987886240938494 \n",
      "\n",
      "iteration #  13\n",
      "Actual Output: \n",
      " [[0. 1. 0.]\n",
      " [0. 0. 1.]\n",
      " [0. 0. 1.]\n",
      " [0. 1. 0.]\n",
      " [1. 0. 0.]\n",
      " [1. 0. 0.]]\n",
      "Predicted Output: \n",
      " [[0.33162676 0.3375972  0.33077604]\n",
      " [0.32986824 0.3367823  0.33334946]\n",
      " [0.33014082 0.33691626 0.33294291]\n",
      " [0.33162676 0.3375972  0.33077604]\n",
      " [0.32879876 0.33628539 0.33491586]\n",
      " [0.32954572 0.33662892 0.33382536]] \n",
      "\n",
      "Cost: \n",
      " 1.098750221196749 \n",
      "\n",
      "iteration #  14\n",
      "Actual Output: \n",
      " [[0. 1. 0.]\n",
      " [0. 0. 1.]\n",
      " [0. 0. 1.]\n",
      " [0. 1. 0.]\n",
      " [1. 0. 0.]\n",
      " [1. 0. 0.]]\n",
      "Predicted Output: \n",
      " [[0.33161282 0.33761723 0.33076995]\n",
      " [0.32987574 0.3367761  0.33334816]\n",
      " [0.33014183 0.33691447 0.3329437 ]\n",
      " [0.33161282 0.33761723 0.33076995]\n",
      " [0.32882255 0.33626355 0.3349139 ]\n",
      " [0.32955916 0.33661781 0.33382303]] \n",
      "\n",
      "Cost: \n",
      " 1.0987118425614009 \n",
      "\n",
      "iteration #  15\n",
      "Actual Output: \n",
      " [[0. 1. 0.]\n",
      " [0. 0. 1.]\n",
      " [0. 0. 1.]\n",
      " [0. 1. 0.]\n",
      " [1. 0. 0.]\n",
      " [1. 0. 0.]]\n",
      "Predicted Output: \n",
      " [[0.33159885 0.33763739 0.33076376]\n",
      " [0.32988315 0.33676998 0.33334687]\n",
      " [0.33014279 0.33691272 0.33294449]\n",
      " [0.33159885 0.33763739 0.33076376]\n",
      " [0.32884618 0.33624182 0.334912  ]\n",
      " [0.32957247 0.33660679 0.33382073]] \n",
      "\n",
      "Cost: \n",
      " 1.098673483550087 \n",
      "\n",
      "iteration #  16\n",
      "Actual Output: \n",
      " [[0. 1. 0.]\n",
      " [0. 0. 1.]\n",
      " [0. 0. 1.]\n",
      " [0. 1. 0.]\n",
      " [1. 0. 0.]\n",
      " [1. 0. 0.]]\n",
      "Predicted Output: \n",
      " [[0.33158483 0.33765769 0.33075748]\n",
      " [0.32989047 0.33676394 0.33334559]\n",
      " [0.33014371 0.33691101 0.33294528]\n",
      " [0.33158483 0.33765769 0.33075748]\n",
      " [0.32886962 0.3362202  0.33491017]\n",
      " [0.32958566 0.33659588 0.33381846]] \n",
      "\n",
      "Cost: \n",
      " 1.0986351395321492 \n",
      "\n",
      "iteration #  17\n",
      "Actual Output: \n",
      " [[0. 1. 0.]\n",
      " [0. 0. 1.]\n",
      " [0. 0. 1.]\n",
      " [0. 1. 0.]\n",
      " [1. 0. 0.]\n",
      " [1. 0. 0.]]\n",
      "Predicted Output: \n",
      " [[0.33157077 0.33767812 0.33075111]\n",
      " [0.3298977  0.33675798 0.33334432]\n",
      " [0.33014459 0.33690934 0.33294608]\n",
      " [0.33157077 0.33767812 0.33075111]\n",
      " [0.32889291 0.33619869 0.33490841]\n",
      " [0.32959872 0.33658507 0.33381621]] \n",
      "\n",
      "Cost: \n",
      " 1.0985968058827074 \n",
      "\n",
      "iteration #  18\n",
      "Actual Output: \n",
      " [[0. 1. 0.]\n",
      " [0. 0. 1.]\n",
      " [0. 0. 1.]\n",
      " [0. 1. 0.]\n",
      " [1. 0. 0.]\n",
      " [1. 0. 0.]]\n",
      "Predicted Output: \n",
      " [[0.33155666 0.33769869 0.33074465]\n",
      " [0.32990484 0.3367521  0.33334306]\n",
      " [0.33014543 0.3369077  0.33294687]\n",
      " [0.33155666 0.33769869 0.33074465]\n",
      " [0.32891602 0.33617727 0.33490671]\n",
      " [0.32961165 0.33657436 0.33381399]] \n",
      "\n",
      "Cost: \n",
      " 1.0985584779813902 \n",
      "\n",
      "iteration #  19\n",
      "Actual Output: \n",
      " [[0. 1. 0.]\n",
      " [0. 0. 1.]\n",
      " [0. 0. 1.]\n",
      " [0. 1. 0.]\n",
      " [1. 0. 0.]\n",
      " [1. 0. 0.]]\n",
      "Predicted Output: \n",
      " [[0.33154251 0.3377194  0.33073809]\n",
      " [0.32991189 0.33674629 0.33334182]\n",
      " [0.33014623 0.3369061  0.33294767]\n",
      " [0.33154251 0.3377194  0.33073809]\n",
      " [0.32893897 0.33615595 0.33490508]\n",
      " [0.32962446 0.33656374 0.3338118 ]] \n",
      "\n",
      "Cost: \n",
      " 1.0985201512110652 \n",
      "\n",
      "iteration #  20\n",
      "Actual Output: \n",
      " [[0. 1. 0.]\n",
      " [0. 0. 1.]\n",
      " [0. 0. 1.]\n",
      " [0. 1. 0.]\n",
      " [1. 0. 0.]\n",
      " [1. 0. 0.]]\n",
      "Predicted Output: \n",
      " [[0.3315283  0.33774026 0.33073145]\n",
      " [0.32991886 0.33674056 0.33334058]\n",
      " [0.33014699 0.33690454 0.33294847]\n",
      " [0.3315283  0.33774026 0.33073145]\n",
      " [0.32896176 0.33613472 0.33490351]\n",
      " [0.32963715 0.33655321 0.33380964]] \n",
      "\n",
      "Cost: \n",
      " 1.0984818209565752 \n",
      "\n",
      "iteration #  21\n",
      "Actual Output: \n",
      " [[0. 1. 0.]\n",
      " [0. 0. 1.]\n",
      " [0. 0. 1.]\n",
      " [0. 1. 0.]\n",
      " [1. 0. 0.]\n",
      " [1. 0. 0.]]\n",
      "Predicted Output: \n",
      " [[0.33151404 0.33776126 0.33072471]\n",
      " [0.32992574 0.3367349  0.33333936]\n",
      " [0.33014771 0.33690302 0.33294927]\n",
      " [0.33151404 0.33776126 0.33072471]\n",
      " [0.3289844  0.33611359 0.33490202]\n",
      " [0.32964972 0.33654278 0.3338075 ]] \n",
      "\n",
      "Cost: \n",
      " 1.0984434826034764 \n",
      "\n",
      "iteration #  22\n",
      "Actual Output: \n",
      " [[0. 1. 0.]\n",
      " [0. 0. 1.]\n",
      " [0. 0. 1.]\n",
      " [0. 1. 0.]\n",
      " [1. 0. 0.]\n",
      " [1. 0. 0.]]\n",
      "Predicted Output: \n",
      " [[0.33149972 0.33778241 0.33071787]\n",
      " [0.32993253 0.33672931 0.33333815]\n",
      " [0.33014839 0.33690154 0.33295007]\n",
      " [0.33149972 0.33778241 0.33071787]\n",
      " [0.32900687 0.33609254 0.33490058]\n",
      " [0.32966217 0.33653245 0.33380538]] \n",
      "\n",
      "Cost: \n",
      " 1.098405131536777 \n",
      "\n",
      "iteration #  23\n",
      "Actual Output: \n",
      " [[0. 1. 0.]\n",
      " [0. 0. 1.]\n",
      " [0. 0. 1.]\n",
      " [0. 1. 0.]\n",
      " [1. 0. 0.]\n",
      " [1. 0. 0.]]\n",
      "Predicted Output: \n",
      " [[0.33148535 0.33780371 0.33071094]\n",
      " [0.32993924 0.3367238  0.33333696]\n",
      " [0.33014903 0.33690009 0.33295088]\n",
      " [0.33148535 0.33780371 0.33071094]\n",
      " [0.3290292  0.33607159 0.33489921]\n",
      " [0.3296745  0.3365222  0.3338033 ]] \n",
      "\n",
      "Cost: \n",
      " 1.098366763139681 \n",
      "\n",
      "iteration #  24\n",
      "Actual Output: \n",
      " [[0. 1. 0.]\n",
      " [0. 0. 1.]\n",
      " [0. 0. 1.]\n",
      " [0. 1. 0.]\n",
      " [1. 0. 0.]\n",
      " [1. 0. 0.]]\n",
      "Predicted Output: \n",
      " [[0.33147092 0.33782516 0.33070392]\n",
      " [0.32994587 0.33671836 0.33333577]\n",
      " [0.33014963 0.33689867 0.33295169]\n",
      " [0.33147092 0.33782516 0.33070392]\n",
      " [0.32905137 0.33605071 0.33489791]\n",
      " [0.32968672 0.33651204 0.33380124]] \n",
      "\n",
      "Cost: \n",
      " 1.0983283727923265 \n",
      "\n",
      "iteration #  25\n",
      "Actual Output: \n",
      " [[0. 1. 0.]\n",
      " [0. 0. 1.]\n",
      " [0. 0. 1.]\n",
      " [0. 1. 0.]\n",
      " [1. 0. 0.]\n",
      " [1. 0. 0.]]\n",
      "Predicted Output: \n",
      " [[0.33145643 0.33784677 0.3306968 ]\n",
      " [0.32995241 0.33671299 0.33333459]\n",
      " [0.33015019 0.3368973  0.33295251]\n",
      " [0.33145643 0.33784677 0.3306968 ]\n",
      " [0.3290734  0.33602992 0.33489668]\n",
      " [0.32969883 0.33650197 0.3337992 ]] \n",
      "\n",
      "Cost: \n",
      " 1.098289955870531 \n",
      "\n",
      "iteration #  26\n",
      "Actual Output: \n",
      " [[0. 1. 0.]\n",
      " [0. 0. 1.]\n",
      " [0. 0. 1.]\n",
      " [0. 1. 0.]\n",
      " [1. 0. 0.]\n",
      " [1. 0. 0.]]\n",
      "Predicted Output: \n",
      " [[0.33144188 0.33786853 0.33068958]\n",
      " [0.32995888 0.33670769 0.33333343]\n",
      " [0.33015072 0.33689596 0.33295333]\n",
      " [0.33144188 0.33786853 0.33068958]\n",
      " [0.32909529 0.3360092  0.33489551]\n",
      " [0.32971082 0.33649199 0.33379719]] \n",
      "\n",
      "Cost: \n",
      " 1.0982515077445292 \n",
      "\n",
      "iteration #  27\n",
      "Actual Output: \n",
      " [[0. 1. 0.]\n",
      " [0. 0. 1.]\n",
      " [0. 0. 1.]\n",
      " [0. 1. 0.]\n",
      " [1. 0. 0.]\n",
      " [1. 0. 0.]]\n",
      "Predicted Output: \n",
      " [[0.33142727 0.33789046 0.33068227]\n",
      " [0.32996526 0.33670246 0.33333228]\n",
      " [0.3301512  0.33689465 0.33295415]\n",
      " [0.33142727 0.33789046 0.33068227]\n",
      " [0.32911703 0.33598856 0.33489441]\n",
      " [0.3297227  0.33648209 0.33379521]] \n",
      "\n",
      "Cost: \n",
      " 1.098213023777714 \n",
      "\n",
      "iteration #  28\n",
      "Actual Output: \n",
      " [[0. 1. 0.]\n",
      " [0. 0. 1.]\n",
      " [0. 0. 1.]\n",
      " [0. 1. 0.]\n",
      " [1. 0. 0.]\n",
      " [1. 0. 0.]]\n",
      "Predicted Output: \n",
      " [[0.33141259 0.33791255 0.33067485]\n",
      " [0.32997155 0.3366973  0.33333114]\n",
      " [0.33015164 0.33689339 0.33295497]\n",
      " [0.33141259 0.33791255 0.33067485]\n",
      " [0.32913863 0.335968   0.33489338]\n",
      " [0.32973447 0.33647228 0.33379326]] \n",
      "\n",
      "Cost: \n",
      " 1.0981744993253724 \n",
      "\n",
      "iteration #  29\n",
      "Actual Output: \n",
      " [[0. 1. 0.]\n",
      " [0. 0. 1.]\n",
      " [0. 0. 1.]\n",
      " [0. 1. 0.]\n",
      " [1. 0. 0.]\n",
      " [1. 0. 0.]]\n",
      "Predicted Output: \n",
      " [[0.33139785 0.33793481 0.33066734]\n",
      " [0.32997777 0.33669221 0.33333001]\n",
      " [0.33015204 0.33689215 0.33295581]\n",
      " [0.33139785 0.33793481 0.33066734]\n",
      " [0.32916009 0.3359475  0.33489241]\n",
      " [0.32974613 0.33646255 0.33379133]] \n",
      "\n",
      "Cost: \n",
      " 1.098135929733418 \n",
      "\n",
      "iteration #  30\n",
      "Actual Output: \n",
      " [[0. 1. 0.]\n",
      " [0. 0. 1.]\n",
      " [0. 0. 1.]\n",
      " [0. 1. 0.]\n",
      " [1. 0. 0.]\n",
      " [1. 0. 0.]]\n",
      "Predicted Output: \n",
      " [[0.33138303 0.33795724 0.33065973]\n",
      " [0.32998391 0.33668719 0.3333289 ]\n",
      " [0.33015241 0.33689095 0.33295664]\n",
      " [0.33138303 0.33795724 0.33065973]\n",
      " [0.32918142 0.33592707 0.33489151]\n",
      " [0.32975768 0.3364529  0.33378942]] \n",
      "\n",
      "Cost: \n",
      " 1.0980973103371237 \n",
      "\n",
      "iteration #  31\n",
      "Actual Output: \n",
      " [[0. 1. 0.]\n",
      " [0. 0. 1.]\n",
      " [0. 0. 1.]\n",
      " [0. 1. 0.]\n",
      " [1. 0. 0.]\n",
      " [1. 0. 0.]]\n",
      "Predicted Output: \n",
      " [[0.33136814 0.33797983 0.33065202]\n",
      " [0.32998998 0.33668223 0.3333278 ]\n",
      " [0.33015273 0.33688979 0.33295748]\n",
      " [0.33136814 0.33797983 0.33065202]\n",
      " [0.32920262 0.33590671 0.33489067]\n",
      " [0.32976913 0.33644333 0.33378755]] \n",
      "\n",
      "Cost: \n",
      " 1.0980586364598441 \n",
      "\n",
      "iteration #  32\n",
      "Actual Output: \n",
      " [[0. 1. 0.]\n",
      " [0. 0. 1.]\n",
      " [0. 0. 1.]\n",
      " [0. 1. 0.]\n",
      " [1. 0. 0.]\n",
      " [1. 0. 0.]]\n",
      "Predicted Output: \n",
      " [[0.33135319 0.3380026  0.33064421]\n",
      " [0.32999596 0.33667734 0.3333267 ]\n",
      " [0.33015301 0.33688866 0.33295833]\n",
      " [0.33135319 0.3380026  0.33064421]\n",
      " [0.32922369 0.33588641 0.3348899 ]\n",
      " [0.32978047 0.33643383 0.3337857 ]] \n",
      "\n",
      "Cost: \n",
      " 1.0980199034117377 \n",
      "\n",
      "iteration #  33\n",
      "Actual Output: \n",
      " [[0. 1. 0.]\n",
      " [0. 0. 1.]\n",
      " [0. 0. 1.]\n",
      " [0. 1. 0.]\n",
      " [1. 0. 0.]\n",
      " [1. 0. 0.]]\n",
      "Predicted Output: \n",
      " [[0.33133815 0.33802555 0.3306363 ]\n",
      " [0.33000186 0.33667251 0.33332563]\n",
      " [0.33015326 0.33688756 0.33295918]\n",
      " [0.33133815 0.33802555 0.3306363 ]\n",
      " [0.32924463 0.33586616 0.33488921]\n",
      " [0.32979171 0.33642442 0.33378387]] \n",
      "\n",
      "Cost: \n",
      " 1.0979811064884797 \n",
      "\n",
      "iteration #  34\n",
      "Actual Output: \n",
      " [[0. 1. 0.]\n",
      " [0. 0. 1.]\n",
      " [0. 0. 1.]\n",
      " [0. 1. 0.]\n",
      " [1. 0. 0.]\n",
      " [1. 0. 0.]]\n",
      "Predicted Output: \n",
      " [[0.33132304 0.33804868 0.33062828]\n",
      " [0.33000769 0.33666775 0.33332456]\n",
      " [0.33015347 0.3368865  0.33296004]\n",
      " [0.33132304 0.33804868 0.33062828]\n",
      " [0.32926545 0.33584598 0.33488857]\n",
      " [0.32980285 0.33641508 0.33378207]] \n",
      "\n",
      "Cost: \n",
      " 1.0979422409699702 \n",
      "\n",
      "iteration #  35\n",
      "Actual Output: \n",
      " [[0. 1. 0.]\n",
      " [0. 0. 1.]\n",
      " [0. 0. 1.]\n",
      " [0. 1. 0.]\n",
      " [1. 0. 0.]\n",
      " [1. 0. 0.]]\n",
      "Predicted Output: \n",
      " [[0.33130785 0.33807198 0.33062016]\n",
      " [0.33001345 0.33666305 0.3333235 ]\n",
      " [0.33015363 0.33688547 0.3329609 ]\n",
      " [0.33130785 0.33807198 0.33062016]\n",
      " [0.32928614 0.33582585 0.33488801]\n",
      " [0.32981388 0.33640582 0.3337803 ]] \n",
      "\n",
      "Cost: \n",
      " 1.0979033021190339 \n",
      "\n",
      "iteration #  36\n",
      "Actual Output: \n",
      " [[0. 1. 0.]\n",
      " [0. 0. 1.]\n",
      " [0. 0. 1.]\n",
      " [0. 1. 0.]\n",
      " [1. 0. 0.]\n",
      " [1. 0. 0.]]\n",
      "Predicted Output: \n",
      " [[0.33129258 0.33809548 0.33061194]\n",
      " [0.33001913 0.33665841 0.33332246]\n",
      " [0.33015376 0.33688447 0.33296177]\n",
      " [0.33129258 0.33809548 0.33061194]\n",
      " [0.32930672 0.33580577 0.33488751]\n",
      " [0.32982482 0.33639662 0.33377856]] \n",
      "\n",
      "Cost: \n",
      " 1.0978642851801121 \n",
      "\n",
      "iteration #  37\n",
      "Actual Output: \n",
      " [[0. 1. 0.]\n",
      " [0. 0. 1.]\n",
      " [0. 0. 1.]\n",
      " [0. 1. 0.]\n",
      " [1. 0. 0.]\n",
      " [1. 0. 0.]]\n",
      "Predicted Output: \n",
      " [[0.33127723 0.33811916 0.33060361]\n",
      " [0.33002473 0.33665384 0.33332143]\n",
      " [0.33015385 0.3368835  0.33296264]\n",
      " [0.33127723 0.33811916 0.33060361]\n",
      " [0.32932718 0.33578574 0.33488709]\n",
      " [0.32983566 0.3363875  0.33377684]] \n",
      "\n",
      "Cost: \n",
      " 1.0978251853779453 \n",
      "\n",
      "iteration #  38\n",
      "Actual Output: \n",
      " [[0. 1. 0.]\n",
      " [0. 0. 1.]\n",
      " [0. 0. 1.]\n",
      " [0. 1. 0.]\n",
      " [1. 0. 0.]\n",
      " [1. 0. 0.]]\n",
      "Predicted Output: \n",
      " [[0.33126179 0.33814303 0.33059518]\n",
      " [0.33003026 0.33664932 0.33332042]\n",
      " [0.3301539  0.33688257 0.33296353]\n",
      " [0.33126179 0.33814303 0.33059518]\n",
      " [0.32934752 0.33576575 0.33488673]\n",
      " [0.3298464  0.33637846 0.33377515]] \n",
      "\n",
      "Cost: \n",
      " 1.0977859979162474 \n",
      "\n",
      "iteration #  39\n",
      "Actual Output: \n",
      " [[0. 1. 0.]\n",
      " [0. 0. 1.]\n",
      " [0. 0. 1.]\n",
      " [0. 1. 0.]\n",
      " [1. 0. 0.]\n",
      " [1. 0. 0.]]\n",
      "Predicted Output: \n",
      " [[0.33124627 0.33816709 0.33058664]\n",
      " [0.33003572 0.33664487 0.33331941]\n",
      " [0.33015391 0.33688167 0.33296442]\n",
      " [0.33124627 0.33816709 0.33058664]\n",
      " [0.32936775 0.33574581 0.33488644]\n",
      " [0.32985704 0.33636948 0.33377348]] \n",
      "\n",
      "Cost: \n",
      " 1.0977467179763671 \n",
      "\n",
      "iteration #  40\n",
      "Actual Output: \n",
      " [[0. 1. 0.]\n",
      " [0. 0. 1.]\n",
      " [0. 0. 1.]\n",
      " [0. 1. 0.]\n",
      " [1. 0. 0.]\n",
      " [1. 0. 0.]]\n",
      "Predicted Output: \n",
      " [[0.33123066 0.33819135 0.33057799]\n",
      " [0.3300411  0.33664048 0.33331842]\n",
      " [0.33015389 0.3368808  0.33296531]\n",
      " [0.33123066 0.33819135 0.33057799]\n",
      " [0.32938787 0.33572591 0.33488622]\n",
      " [0.3298676  0.33636056 0.33377184]] \n",
      "\n",
      "Cost: \n",
      " 1.097707340715941 \n",
      "\n",
      "iteration #  41\n",
      "Actual Output: \n",
      " [[0. 1. 0.]\n",
      " [0. 0. 1.]\n",
      " [0. 0. 1.]\n",
      " [0. 1. 0.]\n",
      " [1. 0. 0.]\n",
      " [1. 0. 0.]]\n",
      "Predicted Output: \n",
      " [[0.33121496 0.33821581 0.33056923]\n",
      " [0.33004641 0.33663614 0.33331744]\n",
      " [0.33015382 0.33687996 0.33296622]\n",
      " [0.33121496 0.33821581 0.33056923]\n",
      " [0.32940788 0.33570605 0.33488607]\n",
      " [0.32987805 0.33635172 0.33377023]] \n",
      "\n",
      "Cost: \n",
      " 1.0976678612675326 \n",
      "\n",
      "iteration #  42\n",
      "Actual Output: \n",
      " [[0. 1. 0.]\n",
      " [0. 0. 1.]\n",
      " [0. 0. 1.]\n",
      " [0. 1. 0.]\n",
      " [1. 0. 0.]\n",
      " [1. 0. 0.]]\n",
      "Predicted Output: \n",
      " [[0.33119916 0.33824047 0.33056037]\n",
      " [0.33005165 0.33663187 0.33331648]\n",
      " [0.33015372 0.33687916 0.33296713]\n",
      " [0.33119916 0.33824047 0.33056037]\n",
      " [0.32942779 0.33568623 0.33488598]\n",
      " [0.32988842 0.33634294 0.33376864]] \n",
      "\n",
      "Cost: \n",
      " 1.0976282747372583 \n",
      "\n",
      "iteration #  43\n",
      "Actual Output: \n",
      " [[0. 1. 0.]\n",
      " [0. 0. 1.]\n",
      " [0. 0. 1.]\n",
      " [0. 1. 0.]\n",
      " [1. 0. 0.]\n",
      " [1. 0. 0.]]\n",
      "Predicted Output: \n",
      " [[0.33118327 0.33826534 0.33055139]\n",
      " [0.33005682 0.33662765 0.33331553]\n",
      " [0.33015357 0.33687838 0.33296805]\n",
      " [0.33118327 0.33826534 0.33055139]\n",
      " [0.32944759 0.33566643 0.33488597]\n",
      " [0.32989869 0.33633422 0.33376708]] \n",
      "\n",
      "Cost: \n",
      " 1.0975885762034032 \n",
      "\n",
      "iteration #  44\n",
      "Actual Output: \n",
      " [[0. 1. 0.]\n",
      " [0. 0. 1.]\n",
      " [0. 0. 1.]\n",
      " [0. 1. 0.]\n",
      " [1. 0. 0.]\n",
      " [1. 0. 0.]]\n",
      "Predicted Output: \n",
      " [[0.33116729 0.33829041 0.3305423 ]\n",
      " [0.33006192 0.33662349 0.33331459]\n",
      " [0.33015339 0.33687764 0.33296897]\n",
      " [0.33116729 0.33829041 0.3305423 ]\n",
      " [0.3294673  0.33564667 0.33488603]\n",
      " [0.32990888 0.33632557 0.33376555]] \n",
      "\n",
      "Cost: \n",
      " 1.0975487607150172 \n",
      "\n",
      "iteration #  45\n",
      "Actual Output: \n",
      " [[0. 1. 0.]\n",
      " [0. 0. 1.]\n",
      " [0. 0. 1.]\n",
      " [0. 1. 0.]\n",
      " [1. 0. 0.]\n",
      " [1. 0. 0.]]\n",
      "Predicted Output: \n",
      " [[0.3311512  0.3383157  0.3305331 ]\n",
      " [0.33006695 0.33661939 0.33331366]\n",
      " [0.33015317 0.33687692 0.33296991]\n",
      " [0.3311512  0.3383157  0.3305331 ]\n",
      " [0.3294869  0.33562694 0.33488616]\n",
      " [0.32991898 0.33631698 0.33376404]] \n",
      "\n",
      "Cost: \n",
      " 1.0975088232905013 \n",
      "\n",
      "iteration #  46\n",
      "Actual Output: \n",
      " [[0. 1. 0.]\n",
      " [0. 0. 1.]\n",
      " [0. 0. 1.]\n",
      " [0. 1. 0.]\n",
      " [1. 0. 0.]\n",
      " [1. 0. 0.]]\n",
      "Predicted Output: \n",
      " [[0.33113502 0.33834119 0.33052379]\n",
      " [0.33007192 0.33661534 0.33331275]\n",
      " [0.33015291 0.33687623 0.33297086]\n",
      " [0.33113502 0.33834119 0.33052379]\n",
      " [0.32950641 0.33560723 0.33488636]\n",
      " [0.32992899 0.33630845 0.33376257]] \n",
      "\n",
      "Cost: \n",
      " 1.097468758916174 \n",
      "\n",
      "iteration #  47\n",
      "Actual Output: \n",
      " [[0. 1. 0.]\n",
      " [0. 0. 1.]\n",
      " [0. 0. 1.]\n",
      " [0. 1. 0.]\n",
      " [1. 0. 0.]\n",
      " [1. 0. 0.]]\n",
      "Predicted Output: \n",
      " [[0.33111873 0.33836691 0.33051436]\n",
      " [0.33007681 0.33661134 0.33331185]\n",
      " [0.33015262 0.33687557 0.33297181]\n",
      " [0.33111873 0.33836691 0.33051436]\n",
      " [0.32952582 0.33558754 0.33488664]\n",
      " [0.32993891 0.33629998 0.33376112]] \n",
      "\n",
      "Cost: \n",
      " 1.0974285625448228 \n",
      "\n",
      "iteration #  48\n",
      "Actual Output: \n",
      " [[0. 1. 0.]\n",
      " [0. 0. 1.]\n",
      " [0. 0. 1.]\n",
      " [0. 1. 0.]\n",
      " [1. 0. 0.]\n",
      " [1. 0. 0.]]\n",
      "Predicted Output: \n",
      " [[0.33110234 0.33839285 0.33050482]\n",
      " [0.33008164 0.3366074  0.33331097]\n",
      " [0.33015228 0.33687494 0.33297278]\n",
      " [0.33110234 0.33839285 0.33050482]\n",
      " [0.32954515 0.33556787 0.33488698]\n",
      " [0.32994875 0.33629156 0.33375969]] \n",
      "\n",
      "Cost: \n",
      " 1.0973882290942383 \n",
      "\n",
      "iteration #  49\n",
      "Actual Output: \n",
      " [[0. 1. 0.]\n",
      " [0. 0. 1.]\n",
      " [0. 0. 1.]\n",
      " [0. 1. 0.]\n",
      " [1. 0. 0.]\n",
      " [1. 0. 0.]]\n",
      "Predicted Output: \n",
      " [[0.33108584 0.33841901 0.33049515]\n",
      " [0.3300864  0.33660351 0.33331009]\n",
      " [0.33015191 0.33687434 0.33297375]\n",
      " [0.33108584 0.33841901 0.33049515]\n",
      " [0.32956438 0.33554822 0.3348874 ]\n",
      " [0.3299585  0.3362832  0.3337583 ]] \n",
      "\n",
      "Cost: \n",
      " 1.0973477534457274 \n",
      "\n",
      "iteration #  50\n",
      "Actual Output: \n",
      " [[0. 1. 0.]\n",
      " [0. 0. 1.]\n",
      " [0. 0. 1.]\n",
      " [0. 1. 0.]\n",
      " [1. 0. 0.]\n",
      " [1. 0. 0.]]\n",
      "Predicted Output: \n",
      " [[0.33106923 0.3384454  0.33048538]\n",
      " [0.33009109 0.33659967 0.33330924]\n",
      " [0.3301515  0.33687377 0.33297473]\n",
      " [0.33106923 0.3384454  0.33048538]\n",
      " [0.32958353 0.33552858 0.33488789]\n",
      " [0.32996818 0.3362749  0.33375693]] \n",
      "\n",
      "Cost: \n",
      " 1.0973071304426096 \n",
      "\n",
      "iteration #  51\n",
      "Actual Output: \n",
      " [[0. 1. 0.]\n",
      " [0. 0. 1.]\n",
      " [0. 0. 1.]\n",
      " [0. 1. 0.]\n",
      " [1. 0. 0.]\n",
      " [1. 0. 0.]]\n",
      "Predicted Output: \n",
      " [[0.33105251 0.33847201 0.33047548]\n",
      " [0.33009572 0.33659589 0.3333084 ]\n",
      " [0.33015105 0.33687322 0.33297573]\n",
      " [0.33105251 0.33847201 0.33047548]\n",
      " [0.32960259 0.33550895 0.33488845]\n",
      " [0.32997777 0.33626665 0.33375559]] \n",
      "\n",
      "Cost: \n",
      " 1.097266354888693 \n",
      "\n",
      "iteration #  52\n",
      "Actual Output: \n",
      " [[0. 1. 0.]\n",
      " [0. 0. 1.]\n",
      " [0. 0. 1.]\n",
      " [0. 1. 0.]\n",
      " [1. 0. 0.]\n",
      " [1. 0. 0.]]\n",
      "Predicted Output: \n",
      " [[0.33103567 0.33849887 0.33046546]\n",
      " [0.33010028 0.33659216 0.33330757]\n",
      " [0.33015056 0.33687271 0.33297673]\n",
      " [0.33103567 0.33849887 0.33046546]\n",
      " [0.32962158 0.33548933 0.33488909]\n",
      " [0.32998728 0.33625845 0.33375427]] \n",
      "\n",
      "Cost: \n",
      " 1.0972254215467263 \n",
      "\n",
      "iteration #  53\n",
      "Actual Output: \n",
      " [[0. 1. 0.]\n",
      " [0. 0. 1.]\n",
      " [0. 0. 1.]\n",
      " [0. 1. 0.]\n",
      " [1. 0. 0.]\n",
      " [1. 0. 0.]]\n",
      "Predicted Output: \n",
      " [[0.33101872 0.33852595 0.33045532]\n",
      " [0.33010478 0.33658847 0.33330675]\n",
      " [0.33015004 0.33687221 0.33297775]\n",
      " [0.33101872 0.33852595 0.33045532]\n",
      " [0.32964048 0.33546972 0.3348898 ]\n",
      " [0.32999671 0.3362503  0.33375299]] \n",
      "\n",
      "Cost: \n",
      " 1.0971843251368316 \n",
      "\n",
      "iteration #  54\n",
      "Actual Output: \n",
      " [[0. 1. 0.]\n",
      " [0. 0. 1.]\n",
      " [0. 0. 1.]\n",
      " [0. 1. 0.]\n",
      " [1. 0. 0.]\n",
      " [1. 0. 0.]]\n",
      "Predicted Output: \n",
      " [[0.33100166 0.33855328 0.33044506]\n",
      " [0.33010921 0.33658484 0.33330595]\n",
      " [0.33014948 0.33687175 0.33297878]\n",
      " [0.33100166 0.33855328 0.33044506]\n",
      " [0.3296593  0.33545011 0.33489059]\n",
      " [0.33000606 0.33624221 0.33375173]] \n",
      "\n",
      "Cost: \n",
      " 1.0971430603349122 \n",
      "\n",
      "iteration #  55\n",
      "Actual Output: \n",
      " [[0. 1. 0.]\n",
      " [0. 0. 1.]\n",
      " [0. 0. 1.]\n",
      " [0. 1. 0.]\n",
      " [1. 0. 0.]\n",
      " [1. 0. 0.]]\n",
      "Predicted Output: \n",
      " [[0.33098447 0.33858086 0.33043467]\n",
      " [0.33011358 0.33658125 0.33330517]\n",
      " [0.33014888 0.33687131 0.33297982]\n",
      " [0.33098447 0.33858086 0.33043467]\n",
      " [0.32967805 0.3354305  0.33489145]\n",
      " [0.33001534 0.33623416 0.3337505 ]] \n",
      "\n",
      "Cost: \n",
      " 1.0971016217710388 \n",
      "\n",
      "iteration #  56\n",
      "Actual Output: \n",
      " [[0. 1. 0.]\n",
      " [0. 0. 1.]\n",
      " [0. 0. 1.]\n",
      " [0. 1. 0.]\n",
      " [1. 0. 0.]\n",
      " [1. 0. 0.]]\n",
      "Predicted Output: \n",
      " [[0.33096716 0.33860868 0.33042416]\n",
      " [0.33011789 0.33657771 0.3333044 ]\n",
      " [0.33014824 0.33687089 0.33298087]\n",
      " [0.33096716 0.33860868 0.33042416]\n",
      " [0.32969673 0.33541089 0.33489239]\n",
      " [0.33002454 0.33622616 0.3337493 ]] \n",
      "\n",
      "Cost: \n",
      " 1.0970600040278067 \n",
      "\n",
      "iteration #  57\n",
      "Actual Output: \n",
      " [[0. 1. 0.]\n",
      " [0. 0. 1.]\n",
      " [0. 0. 1.]\n",
      " [0. 1. 0.]\n",
      " [1. 0. 0.]\n",
      " [1. 0. 0.]]\n",
      "Predicted Output: \n",
      " [[0.33094972 0.33863675 0.33041353]\n",
      " [0.33012213 0.33657422 0.33330365]\n",
      " [0.33014756 0.3368705  0.33298193]\n",
      " [0.33094972 0.33863675 0.33041353]\n",
      " [0.32971533 0.33539127 0.3348934 ]\n",
      " [0.33003367 0.3362182  0.33374813]] \n",
      "\n",
      "Cost: \n",
      " 1.09701820163867 \n",
      "\n",
      "iteration #  58\n",
      "Actual Output: \n",
      " [[0. 1. 0.]\n",
      " [0. 0. 1.]\n",
      " [0. 0. 1.]\n",
      " [0. 1. 0.]\n",
      " [1. 0. 0.]\n",
      " [1. 0. 0.]]\n",
      "Predicted Output: \n",
